a=[1 2 3
   4 5 6
   7 8 9]
a1=a(:,2)
a2=a(2,:)
a3=a(:,1:2)
a4=a(1:2,:)
a5=a(1:2,1:2)